0,0,0,0,0.09,0,0.1238,0,0,0.049505,0.34483,0,0.16216,0,0,0,0,0,0.14507,0,0.081008,0,0,0,0,0,0,0,0,0,0,0,0,0,0,0,0,0,0,0,0,0,0,0,0,0,0,0,0,0,0,0,0,0,0.0009832,0.00060072,0.0015152
0,0,0,0,0.094,0,0,0,0,0,0,0,0,0,0,0,0,0,0.10027,0,0.25473,0,0,0,0,0,0,0,0,0,0,0,0,0,0,0,0,0,0,0,0,0,0,0,0,0,0,0,0,0,0,0.013178,0,0,0.0033155,0.0030036,0.0066919
0,0,0,0,0,0,0,0,0,0,0,0,0,0,0,0,0,0,0,0,0,0,0,0,0,0,0,0,0,0,0,0,0,0,0,0,0,0,0,0,0,0,0,0,0,0,0,0,0,0.074754,0,0.022446,0,0,0.0025719,0.00080096,0.0013889
0.10132,0.032213,0.05098,0,0,0.056122,0.0082531,0.029703,0,0.061606,0.14943,0.075491,0.14234,0,0.058957,0.013,0,0.028603,0.1872,0,0.059406,0,0.034862,0.0208,0,0,0,0,0,0,0,0,0,0,0,0,0,0,0,0,0,0,0,0,0,0,0,0,0.0082098,0.0086136,0,0.0085596,0.038314,0.0042362,0.002621,0.0039047,0.056629
0.16079,0.02521,0.14314,0,0,0.12415,0.10041,0.09901,0.068441,0.019802,0,0.037229,0,0,0,0.055,0.05042,0.039604,0.11733,0.12101,0.19802,0,0.33578,0,0,0,0,0,0,0,0,0,0,0,0,0,0,0,0,0,0,0,0,0,0,0,0,0,0,0.011382,0,0.015395,0.055472,0,0.0020508,0.0029035,0.011048
0,0,0,0,0,0,0.14305,0,0,0,0,0.10755,0,0,0,0,0.14566,0,0.1952,0,0.18812,0,0,0,0,0,0,0,0,0,0,0,0,0,0,0,0,0,0,0,0,0,0,0,0,0,0,0,0.013911,0.025226,0,0.018936,0.010162,0.0030763,0.0021044,0.005807,0.009154
0,0.041317,0,0,0,0,0.081155,0,0,0.032453,0,0.061013,0,0,0,0,0,0.12981,0.0944,0,0,0,0,0,0,0,0,0,0,0,0,0,0,0,0,0,0,0,0,0,0,0,0,0,0,0,0,0,0,0.026354,0,0,0,0,0.006887,0.0065078,0.015657
0,0,0.090196,0,0.139,0,0.12792,0.083708,0,0,0.17625,0.096174,0,0,0,0.0695,0,0.050605,0.0496,0,0.041404,0,0,0,0,0,0,0,0,0,0,0,0,0,0,0,0,0.055222,0,0,0,0,0,0,0,0,0,0,0.015735,0,0,0,0,0.0034798,0.00040127,0.00070084,0.0046717
0,0,0.045098,0,0,0,0.031637,0,0,0.052255,0,0.048604,0,0.023,0,0.0115,0.13305,0,0.12693,0,0.17102,0,0,0.0376,0,0,0,0,0,0,0,0,0,0,0,0.029909,0.033382,0,0,0,0,0,0,0,0,0,0,0,0,0.012613,0,0.0060656,0,0.0012103,0.0036659,0.027934,0.032702
0,0,0,0,0,0.10204,0,0,0,0.066557,0,0,0,0,0,0.03,0,0,0.064533,0,0,0,0.11009,0,0,0,0,0,0,0,0,0,0,0,0,0,0,0,0,0,0,0,0,0,0,0,0,0,0.047206,0.053117,0.10145,0.0095449,0,0,0.0035379,0.0016019,0.011995
0,0,0.12549,0,0,0.10884,0,0,0,0,0,0,0,0,0,0.032,0,0,0.13813,0,0,0,0.11743,0,0,0,0,0,0,0,0,0,0,0,0,0,0.092888,0,0,0,0,0,0,0,0,0,0,0,0.021437,0.019381,0.069591,0.020383,0,0,0.0082324,0.013016,0.018371
0,0,0,0,0,0,0.081155,0,0,0,0,0.12306,0,0,0,0,0,0.064906,0.25387,0,0.10711,0,0,0.0472,0,0,0,0,0,0,0,0,0,0,0,0,0,0,0,0,0,0,0,0,0,0,0,0,0,0,0,0.013147,0,0,0.0081707,0.0032038,0.010669
0,0,0,0,0,0,0.21733,0,0,0,0,0,0.28468,0,0,0,0,0,0.084267,0,0,0,0,0,0,0,0,0,0,0,0,0,0,0,0,0,0,0,0,0,0,0,0,0,0,0,0,0,0,0,0,0.017181,0.046477,0,0.0020626,0.0022026,0.0022096
0.10132,0,0.090196,0,0,0,0,0.041404,0,0,0,0.14271,0,0,0.52381,0,0.064426,0.050605,0.14773,0,0.20792,0,0.25321,0,0,0,0,0,0,0,0,0,0,0,0,0,0,0,0,0.096639,0,0,0,0,0,0,0,0,0,0.050246,0,0.002494,0.13593,0,0.0021788,0.0011013,0.0063763
0,0,0,0,0,0,0.078404,0,0,0.031353,0,0.11892,0.1027,0,0,0,0,0.062706,0.2464,0,0.10351,0,0,0.0456,0,0,0,0,0,0,0,0,0,0,0,0,0,0,0,0,0,0,0,0,0,0,0,0,0,0,0,0.015949,0,0,0.0082769,0.0032038,0.010795
0.099119,0,0,0,0.068,0.076531,0,0.040504,0,0.012101,0.084291,0,0.28829,0,0.10204,0,0.12745,0.20132,0.0976,0,0.061206,0,0.29358,0,0,0,0,0,0,0,0,0,0,0,0,0,0,0,0,0.19118,0,0,0,0,0,0,0,0,0,0.0037941,0,0.0057577,0.018657,0,0.0019828,0.0029035,0.022854
0,0.038515,0.10784,0,0.111,0.093537,0.30674,0,0,0.030253,0,0.056877,0,0,0,0,0,0.060506,0.17867,0,0.09991,0,0,0,0,0,0,0,0,0,0,0,0,0,0,0,0,0,0,0,0,0,0,0,0.025677,0,0,0,0,0.016304,0,0.014748,0,0.0039841,0.014289,0.014618,0.024242
0,0,0.064706,0,0.099,0.16837,0.045392,0.029703,0,0,0,0.034126,0.059459,0,0,0.0165,0.046218,0,0.1056,0,0.29703,0,0,0.0264,0,0,0,0,0,0,0,0,0,0,0,0,0,0,0,0,0,0,0,0,0.015406,0,0,0,0,0.011075,0,0,0.026987,0.0027233,0.0010849,0.0049059,0.012689
0,0.055322,0,0,0,0,0,0,0,0,0,0,0,0,0,0.0395,0.11064,0.17382,0.16907,0,0.14221,0,0,0,0,0,0,0,0,0,0,0,0,0,0,0,0,0,0,0,0,0,0,0,0.036881,0,0,0,0,0.027789,0,0.0083441,0.022489,0,0.002049,0.002503,0.0071338
0,0,0.19608,0,0,0.042517,0,0.022502,0,0,0,0.15512,0.045045,0,0,0.0125,0.070028,0,0.13333,0,0.13501,0,0,0.02,0,0,0,0,0,0,0,0,0,0,0,0,0,0,0,0,0,0,0,0,0,0,0,0,0,0,0,0.0062504,0.033816,0,0.0016941,0.003304,0.0080808
0.030837,0.0098039,0.056863,0,0,0,0,0,0.22243,0.015952,0.05364,0.059979,0,0,0,0.007,0,0.015402,0.12533,0.0077008,0.079208,0,0,0.0352,0,0,0,0,0,0,0,0,0,0,0,0,0,0.034814,0,0,0,0,0,0,0,0,0,0,0,0.020919,0,0.0062812,0.021156,0.005144,0.0017812,0.0072087,0.025189
0.017621,0.011905,0.066667,0,0.146,0.028912,0.011004,0,0.047529,0.0044004,0,0.14168,0,0.008,0,0.0255,0.011204,0.0088009,0.18293,0,0.069307,0,0.014679,0.0136,0,0,0,0,0,0,0,0,0,0,0,0,0,0,0,0,0,0,0,0,0,0,0,0,0,0.0078958,0.015682,0.010715,0.017158,0.00060517,0.0039873,0.011814,0.091856
0,0,0.062745,0,0.065,0.11054,0.044017,0.028803,0,0,0,0.033092,0.057658,0,0,0.016,0.044818,0,0.1216,0,0.29343,0,0,0.0256,0,0,0,0,0,0,0,0,0,0,0,0,0,0,0,0,0,0,0,0,0.014939,0,0,0,0,0.01087,0,0,0.026487,0,0.00044848,0.00090108,0.0087121
0,0.092437,0.1098,0,0,0.15986,0,0.016202,0.070342,0.041254,0,0.21406,0,0,0,0,0.051821,0,0.13067,0,0.084608,0,0,0.0144,0,0,0.0054005,0,0,0,0,0,0,0,0,0,0,0,0,0,0,0,0,0,0,0,0,0,0,0.0082034,0,0.0074204,0.017824,0,0.0014734,0.0034041,0.015341
0.13877,0,0.12353,0,0.127,0,0.086657,0,0,0,0,0.06515,0,0,0,0.0315,0.088235,0,0.067733,0,0.22862,0,0.1156,0,0,0,0,0,0,0,0,0,0,0,0,0,0,0,0,0,0,0,0,0,0,0,0,0,0.022805,0,0,0.015426,0.049975,0,0.0013236,0.0021025,0.0073864
0,0,0.062745,0,0.065,0.11054,0.044017,0.028803,0,0,0,0.033092,0.057658,0,0,0.016,0.044818,0,0.1216,0,0.29253,0,0,0.0256,0,0,0,0,0,0,0,0,0,0,0,0,0,0,0,0,0,0,0,0,0.014939,0,0,0,0,0.010767,0,0,0.02632,0,0.00044848,0.00090108,0.0087121
0,0,0,0,0,0,0.17194,0,0,0,0,0,0,0,0,0.3125,0,0,0.2,0,0,0,0,0,0,0,0,0,0,0,0,0,0,0,0,0,0,0,0,0,0,0,0,0,0,0,0,0,0,0,0,0,0,0,0,0,0.0011364
0.13216,0,0,0,0.121,0,0.082531,0,0,0,0,0.062048,0,0,0,0,0,0.066007,0.19467,0,0.10891,0,0,0.048,0,0,0,0,0,0,0,0,0,0,0,0,0.17562,0,0,0,0,0,0,0,0,0,0,0,0,0,0,0.0031098,0.050641,0,0.0020127,0.0029035,0.0046086
0.017621,0.0056022,0.14902,0,0.085,0.17347,0.034388,0.015302,0.11217,0.0044004,0.065134,0.061013,0.030631,0,0.50113,0.0125,0.011204,0.10231,0.085867,0.0093509,0.037804,0,0.15596,0.0064,0,0,0,0,0,0,0,0,0,0,0,0,0,0,0,0.016807,0,0,0.047619,0.004,0.0037348,0.0036281,0,0,0,0.0064602,0,0.012131,0.018991,0.00060517,0.0058865,0.06688,0.088763
0,0,0.096078,0,0.148,0,0.0674,0,0,0,0,0.10238,0,0,0,0.0245,0.13866,0,0.13173,0,0.26733,0,0,0,0,0,0,0,0,0,0,0,0,0,0,0,0,0,0,0,0,0,0,0,0.022876,0,0,0,0,0.0084085,0,0.015303,0.027486,0,0.003734,0.0077093,0.014141
0,0.077731,0.21765,0,0.111,0,0.30536,0,0,0,0,0,0,0,0,0.1665,0,0,0.1776,0,0.19982,0,0,0,0,0,0,0,0,0,0,0,0,0,0,0,0,0,0,0,0,0,0,0,0,0,0,0,0,0,0,0.0044954,0,0,0.00096051,0.00040048,0.0021465
0,0,0,0,0,0,0,0,0,0,0,0,0,0,0,0,0,0,0.2368,0,0,0,0,0,0,0,0,0,0,0,0,0,0,0,0,0,0,0,0,0,0,0,0,0,0,0,0,0,0,0,0,0.042644,0,0,0.017249,0.01682,0.011301
0,0,0,0,0,0,0,0,0,0,0,0,0,0,0,0,0,0,0.23147,0,0,0,0,0,0,0,0,0,0,0,0,0,0,0,0,0,0,0,0,0,0,0,0,0,0,0,0,0,0,0,0,0.081009,0,0,0.00060463,0.00040048,0.00088384
0.057269,0.05042,0.16667,0,0,0.032313,0.0082531,0.029703,0.13688,0.025303,0.27586,0.081696,0.034234,0.105,0.013605,0.0295,0.026611,0.036304,0.18667,0.0033003,0.13681,0,0.011009,0.0048,0,0,0,0,0,0,0,0,0,0,0,0,0,0,0,0.012605,0,0,0,0,0.0028011,0,0,0,0,0.013433,0,0.0031098,0.016825,0.010187,0.0030849,0.0078094,0.080745
0.12996,0,0.11569,0,0,0,0,0.053105,0,0,0,0.12203,0,0,0,0,0,0,0.28373,0,0.10621,0,0.54128,0,0,0,0,0,0,0,0,0,0,0,0,0,0,0,0,0,0,0,0,0,0,0,0,0,0,0,0,0.0033561,0.1271,0,0.0018157,0.0031037,0.0071338
0,0,0.10392,0,0.021,0.017007,0.013755,0.047705,0.019011,0.011551,0,0.066184,0,0,0,0,0.014006,0,0,0,0,0,0.13578,0,0,0,0,0,0,0,0,0,0,0,0,0,0,0,0,0,0,0,0,0,0,0,0,0,0,0.0099467,0,0.00049264,0.010828,0,0.0010023,0.0028034,0.02399
0,0,0,0,0,0,0,0,0,0,0,0,0,0,0,0,0,0,0.66667,0,0,0,0,1,0,0,0,0,0,0,0,0,0,0,0,0,0,0,0,0,0,0,0,0,0,0,0,0,0,0,0,0,0,0,0,0,6.3131e-05
0.090308,0,0.11961,0,0.041,0.10374,0,0.073807,0.038023,0.011001,0.076628,0.14891,0,0,0,0.0205,0.14426,0.022002,0.088,0.090759,0.27813,0,0.036697,0.0488,0,0,0,0,0,0,0,0,0,0,0,0,0,0,0,0,0,0,0,0,0,0,0,0,0,0.010152,0,0.052004,0.021989,0,0.0035524,0.010112,0.035606
0,0,0.062745,0,0.064,0.10884,0.088033,0.028803,0.060837,0,0,0.033092,0.057658,0,0,0.016,0.044818,0.035204,0.12,0,0.28893,0,0,0.0256,0,0,0,0,0,0,0,0,0,0,0,0,0,0,0,0,0,0,0,0,0.029879,0,0,0,0,0.015997,0,0,0.025987,0,0.00068271,0.0018022,0.0093434
0.25991,0.027311,0.11569,0,0,0.16667,0.026135,0.017102,0.26236,0.021452,0,0.10134,0,0.019,0,0.049,0,0,0.13653,0.021452,0.12421,0,0,0.1104,0,0,0,0,0,0,0,0,0,0,0,0,0,0,0,0,0,0,0,0,0,0,0,0,0,0.023687,0,0.022939,0.051308,0.0012608,0.0051312,0.007509,0.039836
0,0.016106,0.092157,0,0.118,0,0.031637,0,0.13308,0.038504,0,0.048604,0.041441,0,0,0.0115,0.098039,0,0.15093,0,0.17012,0,0,0.0376,0,0,0,0,0,0,0,0,0,0,0,0,0,0,0,0,0,0,0,0,0,0,0,0,0,0,0,0.0022169,0.017991,0,0.0013055,0.0019023,0.011174
0.037445,0.011905,0.13529,0,0.034,0.028912,0,0.077408,0.032319,0.037954,0.13027,0.14271,0,0,0,0,0.2423,0.037404,0.1104,0.085259,0.34203,0,0,0.0272,0,0,0,0,0,0,0,0,0,0,0,0,0,0,0,0.035714,0,0,0,0,0,0,0,0,0,0.019893,0,0.052897,0.0091621,0,0.0037903,0.0062074,0.039141
0.27753,0.029412,0.24706,0,0,0,0,0,0,0,0,0.043433,0,0,0,0.021,0,0.092409,0.20213,0,0.11341,0,0,0.0336,0,0,0,0,0,0,0,0,0,0,0,0,0,0,0,0,0,0,0,0,0.019608,0,0,0,0,0.0068704,0,0.014533,0.078627,0,0.0018157,0.0018022,0.0067551
0.16079,0,0.070588,0,0.036,0.061224,0.15131,0,0,0,0,0.037229,0,0,0,0.018,0.2577,0.080308,0.1376,0,0.09901,0,0.066055,0.088,0,0,0,0,0,0,0,0,0,0,0,0,0,0,0,0,0,0,0,0,0,0,0,0,0,0.019073,0,0.013394,0.010328,0,0.0030967,0.018923,0.018876
0,0,0,0,0.333,0,0,0,0,0,0,0,0,0,0,0,0,0,0.3552,0,0,0,0,0,0,0,0,0,0,0,0,0,0,0,0,0,0,0,0,0,0,0,0,0,0,0,0,0,0,0,0,0.034208,0,0,0.00037131,0.00090108,0.0018939
0.022026,0.0070028,0.13725,0,0.06,0.034014,0.055021,0.0090009,0.26806,0.044004,0.038314,0.051706,0,0,0,0.005,0,0.12211,0.1184,0.022002,0.17282,0,0,0.024,0,0,0,0,0,0,0,0,0,0,0.005,0,0,0,0.0090009,0,0,0,0,0,0,0,0,0,0,0,0.06371,0.030513,0.064968,0.0016138,0.0019728,0.0055066,0.065846
0,0.02591,0,0,0,0.12585,0.15406,0,0,0,0.28352,0.15408,0.13333,0,0,0.0185,0,0.16392,0.23947,0,0.16832,0,0,0.0592,0,0,0,0,0,0,0,0,0,0,0,0,0,0,0,0,0,0,0,0,0,0,0,0,0,0,0,0.0068662,0.037148,0,0.00092692,0.00090108,0.0058081
0,0,0.047059,0,0.072,0,0,0,0.091255,0,0,0.049638,0,0,0,0,0,0.10561,0.0512,0,0.064806,0,0,0,0,0,0,0,0,0,0,0,0,0,0,0,0,0,0,0,0,0,0,0,0.011204,0,0,0,0,0,0,0.010099,0,0,0.00067181,0.0047056,0.0088384
0,0,0.17451,0,0.179,0.07483,0,0,0,0,0,0.045502,0,0,0,0.067,0,0,0.11947,0,0.40324,0,0,0,0,0,0,0,0,0,0,0,0,0,0,0,0,0,0,0,0,0,0,0,0,0,0,0,0,0.0076907,0.018378,0,0,0,0.0008788,0.0010012,0.0077652
0,0,0.062745,0,0.065,0.054422,0.044017,0.028803,0,0,0.24904,0.13444,0,0,0,0.049,0,0.071507,0.1392,0.14356,0.29343,0,0,0.052,0,0,0,0,0,0,0,0,0,0,0,0,0,0,0,0,0,0,0,0,0,0,0,0,0,0.0052297,0,0.0031714,0,0.0051944,0.0044031,0.013616,0.01471
0,0,0,0,0,0,0,0,0,0,0,0,0,0,0,0,0,0,0,0,0,0,0,0,0,0,0,0,0,0,0,0,0,0,0,0,0,0,0,0,0,0,0,0,0.054622,0,0,0,0,0.045427,0,0.0068046,0.11078,0,0.0025529,0.0014017,0.0037879
0.039648,0,0.017647,0,0.036,0.015306,0,0.032403,0.01711,0,0,0.06515,0.016216,0.036,0,0,0.012605,0,0.067733,0,0.30423,0,0.066055,0.0072,0,0,0,0,0,0,0,0,0,0,0,0,0,0,0,0,0,0,0,0,0,0,0,0,0,0.0061526,0.0073511,0.0009237,0.0024988,0,0.0028979,0.0047056,0.035669
0.044053,0.028011,0.078431,0,0,0.068027,0,0.018002,0.27186,0.033553,0,0.020683,0,0,0,0,0,0,0.14187,0.011001,0.18362,0,0,0.0488,0,0,0,0,0,0,0,0,0,0,0,0,0,0,0,0,0,0,0,0,0.0093371,0,0,0,0.0066135,0.00605,0.10953,0.0091754,0.024821,0.0014625,0.0099501,0.037545,0.057323
0,0,0,0,0,0,0,0,0,0,0,0,0,0,0,0,0,0,0,0,0.32133,0,0.65505,0,0,0,0,0,0,0,0,0,0,0,0,0,0,0,0,0,0,0,0,0,0,0,0,0,0,0,0,0.018659,0.10095,0,0.0019165,0.00090108,0.0017045
0,0,0,0,0,0,0,0,0.173,0,0,0,0,0,0,0,0,0,0.048533,0,0.24752,0,0,0,0,0,0,0,0,0,0,0,0,0,0,0,0,0,0,0,0,0,0,0,0,0,0,0,0,0.014459,0,0.017458,0,0,0.0017249,0.0027032,0.0054293
0,0,0,0,0,0,0,0,0,0,0,0,0,0,0,0.2,0,0,0,0,0,0,0,0,0,0,0,0,0,0,0,0,0,0,0,0,0,0,0,0,0,0,0,0,0,0,0,0,0,0,0,0.079962,0,0,0.0028625,0.002503,0.003346
0,0.034314,0.38627,0,0.246,0,0,0,0,0,0,0,0.088288,0,0,0.0245,0.20588,0.053905,0.23627,0,0.044104,0,0,0,0,0,0,0,0,0,0,0,0,0,0,0,0,0,0,0,0,0,0,0,0,0,0,0,0,0,0,0.013055,0,0,0.010615,0.015118,0.02077
0.10352,0.021709,0.092157,0,0.005,0.022109,0.0068776,0.023402,0.079848,0.041804,0.099617,0.10031,0.1027,0.123,0,0.005,0.065826,0,0.17227,0,0.13411,0,0.18165,0.0272,0,0,0,0,0,0,0,0,0,0,0,0,0,0,0,0,0,0,0,0,0.00093371,0,0,0,0,0.0068704,0,0.010099,0.14293,0.0079177,0.0044739,0.019824,0.19943
0,0,0,0,0.135,0.076531,0,0,0,0,0,0,0.081081,0,0,0.0225,0.063025,0.049505,0.096,0,0.12151,0,0,0,0,0,0,0,0,0,0,0,0,0,0,0,0,0,0,0,0,0,0,0,0,0,0,0,0,0.014151,0,0.004249,0,0,0.0043659,0.0045054,0.0076389
0.14758,0,0.13137,0,0,0,0,0,0,0.036854,0,0,0,0,0,0,0,0,0.072,0,0.12151,0,0,0,0,0,0,0,0,0,0,0,0,0,0,0,0,0,0,0,0,0,0,0,0,0,0,0,0,0,0,0.074296,0,0,0.0021643,0.0036043,0.0082702
0,0,0.4902,0,0,0,0,0,0,0,0,0,0,0,0,0.25,0,0,0,0,0,0,0,0,0,0,0,0,0,0,0,0,0,0,0,0,0,0,0,0,0,0,0,0,0,0,0,0,0,0.031071,0,0.027988,0,0,0.0016859,0.0010012,0.0024621
0.099119,0.019608,0.082353,0,0.004,0.018707,0.0055021,0.018902,0.076046,0.037954,0.088123,0.091003,0.093694,0.114,0,0.0115,0.056022,0,0.15627,0,0.12241,0,0.18349,0.0248,0,0,0,0,0,0,0,0,0,0,0,0,0,0,0,0,0,0,0,0,0.00093371,0,0,0,0,0.0066653,0,0.0097912,0.1256,0.0076655,0.0039483,0.014317,0.19141
0,0,0,0,0.064,0,0,0,0,0,0.24521,0.066184,0,0,0,0,0.18067,0,0.0688,0.28548,0.11611,0,0,0.0512,0,0,0,0,0,0,0,0,0,0,0,0,0,0,0,0,0,0,0,0,0,0,0,0,0,0.04799,0,0.0028635,0,0,0.0015933,0.0065078,0.0084596
0,0,0,0,0,0.10714,0.086657,0,0,0,0,0,0,0,0,0,0,0,0,0,0.17192,0,0,0,0,0,0,0,0,0,0,0,0,0,0,0,0,0,0,0,0,0,0,0,0,0,0,0,0,0,0,0,0.10212,0,0.00022787,0.0011013,0.010922
0,0.038515,0.10784,0,0.222,0,0.075653,0,0,0,0,0.056877,0.099099,0,0,0.0275,0.54342,0,0.20693,0,0.14941,0,0,0,0,0,0,0,0,0,0,0,0,0,0,0,0,0,0,0,0,0,0,0,0,0,0,0,0,0.026148,0,0.036671,0.056638,0,0.0032592,0.013917,0.012689
0,0.044818,0.12549,0,0.064,0,0.088033,0,0.4924,0.070957,0.49425,0.20062,0,0,0,0.032,0.089636,0.070407,0.1728,0,0.23312,0,0,0,0,0,0,0,0,0,0,0,0,0,0,0,0,0,0,0,0,0,0,0,0,0,0,0,0,0,0,0.0071741,0,0,0.00012347,0.00030036,0.0015152
0.096916,0,0.17255,0,0.044,0.22449,0,0,0,0,0,0,0,0,0,0,0,0.048405,0.093867,0,0.19802,0,0.40367,0,0,0,0,0,0,0,0,0,0,0,0,0,0,0,0,0,0,0,0,0,0,0,0,0,0.050627,0,0,0.013671,0.061636,0,0.0012828,0.0015018,0.0087753
0,0,0,0,0.032,0.10884,0,0,0,0.035204,0,0.033092,0,0,0,0,0,0,0.10347,0,0,0,0,0,0,0,0,0,0,0.16497,0,0,0,0,0,0,0,0,0,0,0,0,0,0,0,0,0,0,0,0.0053322,0,0.0080978,0.017491,0,0.0021952,0.010913,0.011806
0.068282,0.014006,0.14118,0,0,0.10544,0,0.055806,0.11787,0.051155,0,0.064116,0.055856,0,0.2585,0,0.028011,0.17162,0.099733,0.022552,0.074707,0,0.11376,0.0576,0,0,0,0,0,0,0,0,0,0,0.005,0,0,0,0,0,0,0,0,0,0,0,0,0,0,0,0,0.016873,0.03315,0.0016642,0.012059,0.068482,0.095518
0,0,0,0,0.043,0.14626,0,0,0,0,0,0,0,0,0,0,0,0,0.11573,0,0,0,0,0,0,0,0,0,0,0.14626,0,0,0,0,0,0,0,0,0,0,0,0,0,0,0,0,0,0,0,0.0069729,0,0,0,0,0.0017458,0.0054065,0.0071338
0.085903,0,0,0,0,0.066327,0,0,0,0,0,0.12306,0,0,0,0.0195,0.054622,0,0.12747,0,0.25023,0,0.21835,0.0312,0,0,0,0,0,0,0,0,0,0,0,0,0,0,0,0,0,0,0,0,0,0,0,0,0,0,0,0.019706,0.042645,0,0.0022696,0.0029035,0.0070076
0.022026,0.021008,0.078431,0,0.02,0.15306,0.02751,0.045005,0.15209,0.044004,0.076628,0.08273,0,0,0.36281,0,0.028011,0.18702,0.11733,0.011001,0.090009,0,0.018349,0.016,0,0,0,0,0,0,0,0,0,0,0,0,0,0,0,0,0,0,0.056022,0,0,0,0,0,0,0.017842,0,0.010284,0.028986,0.00070604,0.0053527,0.06688,0.075694
0,0,0,0,0,0,0,0,0,0,0,0,0,0,0,0,0,0,0.3552,0,0,0,0,0.5328,0,0,0,0,0,0,0,0,0,0,0,0,0,0,0,0,0,0,0,0,0,0,0,0,0,0,0,0.016534,0,0,0.0016133,0.0011013,0.0015152
0,0,0.15294,0,0.078,0,0.071527,0.046805,0,0.057206,0,0.026887,0.28108,0,0.17687,0,0,0.17162,0.11093,0,0.14041,0,0.095413,0,0,0,0,0,0,0,0,0,0,0,0,0,0,0,0,0.10924,0,0,0,0,0,0,0,0,0,0.0082034,0,0.01364,0.066967,0,0.0012801,0.0018022,0.015152
0.18502,0,0,0,0,0.43197,0,0,0,0,0,0.086867,0.15135,0,0,0,0,0,0.13547,0,0.15212,0,0,0,0,0,0,0,0,0,0,0,0,0,0,0,0,0,0,0,0,0,0,0,0,0,0,0,0,0.046349,0,0.088214,0.050142,0,0.003665,0.0022026,0.0085227
0,0,0.14902,0,0.076,0,0.10454,0.045905,0,0.056106,0,0.025853,0.27568,0,0.23129,0,0.035014,0.19692,0.0816,0,0.16112,0,0.13945,0,0,0,0,0,0,0,0,0,0,0,0,0,0,0,0,0.10714,0,0,0,0,0,0,0,0,0,0.0085111,0,0.014102,0.083125,0,0.0013209,0.0018022,0.015593
0.055066,0,0.04902,0,0,0,0.034388,0,0.14639,0.085259,0,0.05274,0,0,0,0.0125,0,0,0.082667,0,0.045905,0,0,0,0,0,0,0,0,0,0,0,0,0,0,0,0.18723,0,0,0,0,0,0,0,0,0,0,0,0,0.041427,0,0.0049572,0.02682,0.0020172,0.0078375,0.010913,0.036427
0,0,0,0,0,0,0,0.037804,0,0.023102,0.16092,0,0,0,0,0,0,0,0.1344,0,0.26463,0,0,0.0336,0,0,0,0,0,0,0,0,0,0,0,0,0,0,0,0,0,0,0,0,0.039216,0,0,0,0,0.013228,0,0.0039719,0.032317,0,0.00077985,0.0019023,0.0074495
0.13216,0,0.070588,0,0.144,0,0,0,0.045627,0.072607,0.27586,0.2606,0.10811,0,0,0.03,0.033613,0,0.2368,0,0.16202,0,0.13211,0.0768,0,0,0,0,0,0,0,0,0,0,0,0,0,0,0,0,0,0,0,0,0.0056022,0,0,0,0,0.0042043,0,0.0031406,0.03415,0,0.0023132,0.0053064,0.030177
0,0,0.10392,0,0.053,0,0.072902,0,0,0.029153,0,0,0,0,0,0,0.07423,0,0.312,0,0.28713,0,0,0,0,0,0,0,0,0,0,0,0,0,0,0,0,0,0,0,0,0,0,0,0,0,0,0,0,0.0092289,0,0.011115,0,0,0.0013046,0.0018022,0.0048611
0.10793,0.014706,0.1098,0,0.028,0.035714,0,0.025203,0.053232,0.053905,0.16092,0.10134,0.025225,0,0,0.056,0.098039,0.0077008,0.11947,0,0.088209,0,0.012844,0.056,0,0,0,0,0,0,0,0,0,0,0,0,0,0,0,0.014706,0,0,0,0,0.0065359,0,0,0,0,0.011075,0,0.023647,0.051974,0,0.0021798,0.0093112,0.060922
0,0,0,0,0,0,0,0,0,0,0,0,0,0,0,0.238,0,0,0.084267,0,0,0,0,0,0,0,0,0,0,0,0,0,0,0,0,0,0,0,0,0,0,0,0,0,0,0,0,0,0,0,0,0.074266,0,0.013516,0.017249,0.013616,0.011301
0,0.023109,0.064706,0,0.165,0.056122,0.090784,0,0,0.0088009,0.061303,0.10238,0,0,0,0.041,0.046218,0.017602,0.14987,0,0.089109,0,0.089908,0.0264,0,0,0,0,0,0,0,0,0.0088009,0,0,0,0,0,0,0,0,0,0,0,0,0,0,0,0,0.0025636,0.018378,0.0077591,0.0083292,0.0025216,0.0047835,0.034942,0.045455
0.13877,0.044118,0.12353,0,0,0,0.086657,0.056706,0.11977,0,0,0.06515,0,0,0.14286,0.063,0,0.069307,0.1008,0,0,0,0,0,0,0,0,0,0,0,0,0,0,0,0,0,0,0,0,0,0,0,0,0,0,0,0,0,0,0,0,0.012254,0,0,0.0014753,0.0018022,0.0078914
0,0,0,0,0.217,0,0,0,0,0,0,0.22441,0,0,0,0.1085,0,0.23872,0.34773,0,0.19532,0,0,0,0,0,0,0,0,0,0,0,0,0,0,0,0,0,0,0,0,0,0,0,0,0,0,0,0,0,0,0,0,0,0.00030232,0.00040048,0.00094697
0.094714,0,0,0,0.087,0.14796,0,0,0,0.023652,0,0.22544,0,0,0,0,0.2437,0,0.0464,0,0.078308,0,0,0.0344,0,0,0,0,0,0,0,0,0,0,0,0.055917,0,0,0,0,0,0,0,0,0,0,0,0,0,0,0,0.029004,0,0,0.0037349,0.010613,0.011237
0,0,0,0,0,0,0,0,0,0,0,0,0,0,0,0,0,0,0,0,0,0,0,0,0,0,0,0,0,0,0,0,0,0,0,0,0,0,0,0,0,0,0,0,0.063492,0,0,0,0,0.022047,0,0,0.035815,0,0.0026664,0.001702,0.0039141
0,0,0,0,0,0,0,0,0,0,0,0,0,0,0,0.031,0.086835,0,0.066667,0.17162,0.28083,0.10936,0,0,0,0,0,0,0,0,0,0,0,0,0,0,0,0,0,0,0,0,0,0,0,0,0,0,0,0.0076907,0,0.039565,0.012494,0.011397,0.0051947,0.010012,0.022854
0.1696,0.026611,0.15098,0,0,0.096939,0,0.051305,0.21863,0.063256,0,0.039297,0.068468,0,0.26077,0.0095,0.026611,0.23322,0.11307,0.063256,0.10351,0,0.24771,0.0616,0,0,0,0,0,0,0,0,0,0,0.0095,0,0,0,0,0,0,0,0,0,0,0,0,0,0.0061574,0.0027687,0,0.013486,0.031817,0.0027233,0.012364,0.052463,0.058081
0.030837,0.020308,0.086275,0,0.088,0.04932,0,0,0.27947,0.080858,0.05364,0.19752,0.052252,0,0.13152,0.0145,0,0.17822,0.12533,0.0077008,0.21152,0,0.13394,0.0232,0,0,0,0,0,0,0,0,0,0,0,0,0,0,0,0,0,0,0,0,0,0,0,0,0,0.0023585,0,0.030913,0.035815,0.0023703,0.0050858,0.021626,0.056629
0,0,0,0,0,0.10034,0,0.26553,0,0,0,0.061013,0.10631,0,0.13379,0.2955,0.41317,0.064906,0.0944,0,0.10621,0,0,0.0472,0,0,0,0,0,0,0,0,0,0,0,0,0,0,0,0,0,0,0,0,0,0,0,0,0,0,0,0.0090215,0,0,0.00062642,0.0014017,0.0058081
0,0,0,0,0,0,0,0,0,0,0,0.21717,0,0,0,0,0,0,0.112,0,0.094509,0,0,0,0,0,0,0,0,0,0,0,0,0,0,0,0,0,0,0,0,0,0,0,0,0,0,0,0,0.018253,0,0,0,0,0.00024966,0.00060072,0.0031566
0.030837,0.012605,0.1549,0,0.004,0.02381,0.024759,0.025203,0.053232,0.046205,0.068966,0.04757,0.10991,0.009,0.072562,0.0445,0.051821,0.050605,0.20267,0.0022002,0.16832,0,0.084404,0.0224,0,0,0,0,0,0,0,0,0,0,0,0,0,0,0,0.058824,0,0,0,0,0.013072,0.0018141,0,0,0,0.010357,0,0.016072,0.018158,0.0031267,0.0043205,0.011514,0.13011
0.030837,0,0.056863,0,0.014,0,0,0,0,0,0,0.014478,0.052252,0,0,0.0145,0,0,0.1168,0,0.091809,0,0,0.0344,0,0,0,0,0,0,0,0,0,0.029412,0,0,0,0,0,0,0,0,0,0,0.013539,0,0,0,0.011403,0.039171,0,0.023524,0,0,0.0013327,0.0027032,0.029545
0,0,0.42157,0,0.107,0,0,0,0,0,0,0,0,0,0,0,0,0,0.057067,0,0.09631,0,0,0,0,0,0,0,0,0,0,0,0,0,0,0,0,0,0,0,0,0,0,0,0,0,0,0,0,0,0,0.0059117,0,0,0.0012102,0.0018022,0.0030303
0.04185,0.053221,0.037255,0,0.019,0.032313,0.026135,0,0.18061,0.020902,0.072797,0.058945,0,0,0.64853,0.0095,0,0.37734,0.0912,0,0.18812,0,0.66422,0,0,0,0,0,0,0,0,0,0,0,0,0,0,0,0,0.079832,0,0,0,0,0,0,0,0,0,0.015484,0.074247,0.0065275,0.050475,0,0.0092982,0.013116,0.04678
0,0.012605,0.21569,0,0.073,0.12415,0.10041,0.0081008,0.15779,0.014851,0.10345,0.066184,0.048649,0,0.33333,0.0045,0,0.13201,0.0736,0.009901,0.057606,0,0.10092,0.0144,0,0,0,0,0,0,0,0,0,0,0,0,0,0,0,0,0,0,0.05042,0,0.0042017,0.0040816,0,0,0,0.009639,0,0.01324,0.022322,0.00065561,0.006759,0.069584,0.093245
0.1674,0,0.07451,0,0.012,0.042517,0,0.010801,0.022814,0,0,0.025853,0.068468,0,0,0.019,0,0.027503,0.15573,0,0.26283,0,0,0.0304,0,0,0,0,0,0,0,0,0,0,0.006,0,0,0,0,0,0,0,0,0,0,0,0,0,0,0.0022559,0,0.020352,0.014659,0,0.0011403,0.0020024,0.020455
0,0,0,0,0,0.039116,0,0,0,0,0,0.04757,0,0,0,0.023,0.064426,0.025303,0.16,0,0.062106,0,0,0,0,0,0,0,0,0,0,0,0.012651,0,0,0,0,0,0,0,0,0,0,0,0,0,0,0,0.01756,0.0038966,0,0,0,0.0019164,0.0014526,0.0041049,0.011427
0,0,0,0,0,0,0,0,0,0,0,0,0,0,0,0,0,0,0,0,0,0,0,0,0,0,0,0,0,0,0,0,0,0,0,0,0,0,0,0,0,0,0,0,0,0,0,0,0.0050171,0.0022559,0.0046557,0.00067738,0.0036648,0.0011095,0.0022533,0.00040048,0.37254
0.19824,0,0,0,0.09,0,0,0,0,0,0,0.18614,0,0,0,0,0,0,0.192,0,0.16202,0,0,0,0.043207,0.054022,0,0,0,0,0,0,0,0,0,0,0,0,0,0,0,0.063025,0,0,0,0,0,0,0,0.015279,0,0,0,0,0.0016033,0.0011013,0.0051768
0,0,0,0,0,0,0,0,0,0,0,0.19131,0,0,0,0,0,0,0,0,0,0,0,0,0,0,0,0,0.12955,0,0,0,0,0,0,0,0.26851,0,0,0,0,0.2591,0,0,0,0,0,0,0,0.031583,0,0,0,0,0.00090785,0.0010012,0.0015783
0,0,0,0,0,0,0,0,0,0,0,0.08273,0,0,0,0,0,0,0.042667,0,0,0,0,0,0.038406,0,0,0,0,0,0,0,0,0,0.04,0.10403,0,0,0,0,0,0.11204,0,0.08,0,0,0,0,0,0.011792,0,0.0035409,0,0,0.002168,0.0027032,0.0076389
0,0,0.11373,0,0,0,0,0,0,0,0,0,0,0,0,0,0.16246,0.063806,0.030933,0,0,0,0,0,0.055689,0.034814,0.034803,0.19142,0.040616,0.098639,0.0464,0.12185,0,0.12185,0.029,0.075423,0,0,0,0.12185,0,0,0,0,0.027077,0,0,0,0,0.067473,0,0.0086828,0,0,0.00084612,0.0010012,0.0071338
0,0,0,0,0,0,0,0,0,0,0,0.18407,0,0,0,0,0,0,0,0,0,0,0,0,0,0,0,0,0,0,0,0,0,0,0,0,0,0,0,0,0,0,0.4986,0,0,0,0,0,0,0.034454,0,0,0,0,0.00082524,0.00040048,0.0012626
0,0,0,0,0.014,0,0,0.012601,0,0,0,0.075491,0,0,0,0,0,0,0.0074667,0,0,0,0,0,0.11906,0.096038,0,0,0,0.02381,0,0,0,0,0,0,0.16836,0,0.026103,0,0.16246,0,0,0,0.0065359,0.13923,0,0,0.032839,0.044401,0.020093,0.0006158,0,0,0.0028261,0.0051061,0.041225
0.015419,0,0.029412,0,0.009,0.0085034,0,0.0027003,0.0095057,0.0027503,0,0.042399,0.0054054,0,0,0.0005,0.012605,0.014301,0.0016,0.00055006,0.0063006,0,0.0018349,0,0,0,0.00090009,0,0.00070028,0,0,0,0.066557,0,0,0.0091027,0.13788,0,0.00090009,0.023109,0.018207,0.00070028,0,0,0,0.017687,0.013825,0.051,0.0095781,0.01774,0.00049008,0.00024632,0.00083292,0.00010086,0.0010395,0.0070084,0.18643
0,0,0,0,0,0,0,0,0,0,0,0,0.16036,0,0,0,0,0,0,0,0,0,0,0,0,0,0,0,0,0.15136,0,0,0,0,0,0,0.25835,0,0,0,0.12465,0,0,0,0,0.040363,0,0,0,0.027584,0.065915,0,0,0,0.001153,0.0015018,0.0052399
0,0,0,0,0,0,0,0,0,0,0,0.17787,0,0,0,0,0,0,0.18347,0,0.15482,0,0,0,0,0.10324,0,0,0,0,0,0,0,0,0,0,0,0,0.15482,0,0,0,0,0,0,0,0,0,0,0,0,0,0,0,0.00096051,0.00040048,0.0021465
0,0,0,0,0,0.096939,0,0,0,0,0,0.1789,0,0,0,0,0.16106,0,0.0304,0,0,0,0,0,0.1109,0,0,0,0.039916,0.29422,0,0,0,0,0,0.074122,0,0,0,0,0,0,0,0,0.026611,0,0,0,0,0.0088187,0,0,0,0,0.00045393,0.00040048,0.0044823
0.055066,0.017507,0,0,0.025,0,0.034388,0,0,0.013751,0.095785,0,0.045045,0,0,0.0125,0,0.11221,0.10933,0,0.20792,0,0,0,0,0,0,0,0,0,0,0,0,0,0,0,0,0,0,0,0.035014,0,0,0,0.02381,0.011338,0,0,0,0,0,0.012716,0,0.0083211,0.00070813,0.0012014,0.009154
0,0,0,0,0,0,0,0,0,0.023102,0,0.043433,0,0,0,0,0,0,0.18133,0,0.037804,0,0,0.0336,0.06097,0.05102,0,0.093509,0,0.071429,0,0,0,0,0,0,0,0,0,0,0,0,0,0.021,0,0,0,0,0,0.015894,0,0,0,0,0.0014117,0.0010012,0.0057449
0,0,0,0,0,0,0,0,0,0,0,0,0,0,0,0,0,0,0,0,0,0,0,0,0.096015,0,0,0,0,0,0,0,0,0,0,0.13004,0,0,0,0,0,0,0,0,0,0,0,0,0,0,0,0.0049572,0,0,0.00022696,0.00020024,0.00088384
0,0,0.38039,0,0,0,0,0,0,0.053355,0,0.10031,0,0,0,0,0,0,0.10347,0,0,0,0,0,0.046567,0.058223,0,0.21342,0,0.16497,0,0,0,0,0.097,0,0,0,0,0,0,0.067927,0,0,0,0,0,0,0,0.038864,0,0,0,0,0.0064685,0.0074089,0.012247
0,0,0,0,0,0,0,0,0,0,0,0,0.086486,0,0,0,0,0,0,0,0,0,0,0,0.023044,0.11585,0,0,0.033613,0,0,0,0,0,0,0,0.209,0,0,0,0,0,0,0.072,0,0,0,0,0,0.031173,0,0,0.060803,0,0.0018302,0.00090108,0.011742
0,0,0,0,0,0,0,0,0,0,0,0,0,0,0,0,0,0,0,0,0,0,0,0,0,0,0,0,0,0,0,0,0,0,0,0,0,0,0.18722,0,0,0,0,0,0.097106,0,0,0,0,0.040299,0,0,0,0,0.00049478,0.0005006,0.0010101
0.085903,0.027311,0,0,0.039,0,0,0,0,0.021452,0,0.12306,0,0.039,0,0,0,0,0.063467,0,0,0,0,0,0.13298,0.11885,0.035704,0.13091,0.027311,0.066327,0.0312,0.081933,0,0.081933,0.0595,0.050715,0.056604,0,0,0.081933,0,0.027311,0.10924,0,0.018207,0,0,0,0.028506,0.038659,0.10757,0,0,0,0.0011239,0.0012014,0.0088384
0,0.047619,0.066667,0,0,0,0,0.030603,0,0,0.13027,0,0,0,0,0.086,0,0,0.054933,0,0.18542,0,0,0,0,0,0,0,0,0,0,0,0,0,0,0,0,0,0,0.071429,0,0,0,0,0.015873,0,0,0,0,0.004717,0,0,0,0,0.002128,0.010613,0.012184
0,0,0,0,0,0,0,0,0,0,0,0,0,0,0,0.029,0,0,0,0,0,0,0,0,0,0,0.043804,0.031903,0,0.098639,0,0,0,0,0,0,0.08418,0,0,0,0,0,0,0,0,0,0,0,0,0.0018458,0,0,0,0,0.22696,0.14888,0.095013
0,0,0.17451,0,0.044,0.07483,0,0,0,0,0,0.092037,0,0.044,0,0,0.12465,0,0,0,0,0,0,0,0.085934,0,0,0,0,0,0,0,0,0,0,0.11573,0,0,0,0,0,0,0,0,0.020542,0,0,0,0,0.013433,0,0,0,0,0.00055379,0.0012014,0.0059343
0,0,0,0,0,0,0,0,0,0.089659,0,0,0,0,0,0,0,0,0,0,0,0,0,0,0,0,0.048905,0,0,0,0,0,0.089659,0,0,0,0,0,0,0,0,0,0,0,0,0,0,0,0,0.027892,0.06665,0,0,0,0.0028961,0.002503,0.0054924
0.26211,0,0,0,0,0,0,0,0,0.065457,0,0,0,0,0,0,0,0,0.063467,0,0,0,0,0,0.057129,0.071429,0,0.26183,0,0,0,0,0,0,0,0,0,0,0,0,0,0,0,0,0,0,0,0,0,0.041017,0,0,0,0,0.0018974,0.0010012,0.0042298
0,0,0,0,0,0,0,0,0,0,0,0.13547,0,0,0,0,0,0,0.069867,0,0,0,0,0,0.12626,0.15786,0.078908,0.14411,0.091737,0.22279,0.1048,0.27521,0,0.27521,0.0655,0.17035,0.19013,0,0.11791,0.27521,0,0,0.36695,0,0.12278,0,0,0,0,0.041735,0.049743,0,0,0,0.0010449,0.0011013,0.0044192
0.23128,0,0,0,0.105,0,0,0,0,0,0,0.21717,0,0,0,0,0,0,0.22453,0,0.18902,0,0,0,0.050408,0.063025,0,0,0,0,0,0,0,0,0,0,0,0,0,0,0,0.073529,0,0,0,0,0,0,0,0.017535,0,0,0,0,0.001399,0.0011013,0.0037879
0,0,0.064706,0,0.008,0,0,0.014401,0,0,0,0.10341,0.014414,0,0,0,0.035014,0,0.0085333,0,0,0,0,0,0.12866,0,0,0,0,0,0,0,0.0044004,0,0,0.010403,0.011611,0,0,0,0,0.017507,0,0,0.0074697,0,0,0,0.030559,0.0091263,0,0,0,0,0.0013,0.0023028,0.035101
0.14758,0,0.043137,0,0.045,0,0,0,0,0.012101,0.17241,0.11582,0.03964,0.022,0,0,0,0,0.059733,0,0.12151,0,0,0,0.097456,0,0,0.049505,0,0,0.0176,0,0,0,0.0225,0,0.03193,0,0,0,0,0,0,0,0,0,0,0,0,0.0073831,0,0.0022169,0.011994,0.0018155,0.0020354,0.0037044,0.021843
0,0,0,0,0,0,0,0,0,0,0,0,0,0,0,0,0,0,0,0,0,0,0,0,0.27412,0.17107,0,0,0,0,0,0,0,0,0,0,0,0,0,0,0,0,0,0,0,0,0,0,0,0,0,0,0,0,0.00022696,0.00010012,0.00056818
0,0,0,0,0,0,0,0,0,0,0,0,0,0,0,0,0,0,0,0,0,0,0,0,0.20835,0.65186,0,0,0,0.36905,0,0,0,0,0,0,0,0,0,0,0,0,0,0,0,0,0,0,0,0,0,0.055361,0,0,0.0014662,0.0012014,0.0020833
0,0,0,0,0,0,0,0,0,0,0,0.076525,0,0,0,0,0,0.081408,0.079467,0,0,0,0,0,0.21459,0.13385,0,0.081408,0,0.12585,0.0592,0,0,0,0.037,0.096229,0,0,0,0,0,0,0,0,0,0,0,0,0,0.010459,0.049988,0.0031406,0,0.010288,0.0010177,0.00090108,0.0054293
0.0022026,0.00070028,0.02549,0,0.013,0.0017007,0,0,0.0019011,0.0071507,0.011494,0.046536,0.0054054,0.007,0,0.0055,0.07423,0.0077008,0.0037333,0,0.0027003,0,0.0018349,0,0,0,0,0,0.00070028,0,0,0,0.086359,0,0,0.014304,0.12482,0,0,0.0063025,0,0.0021008,0.0084034,0.0005,0.00046685,0.010431,0,0.015,0.0018244,0.011382,0,6.158e-05,0,0.00050431,0.0010041,0.0057068,0.19104
0,0,0,0,0,0,0,0,0,0,0,0,0,0,0,0,0,0,0,0,0,0,0,0,0,0,0,0,0,0,0,0,0,0,0,0,0,0,0,0,0,0,0,0,0,0,0,0,0,0,0,0,0,0,0,0,0
0,0,0,0,0,0,0,0,0,0,0,0,0,0,0,0,0,0,0,0,0,0,0,0,0,0,0,0,0,0,0,0,0,0,0,0,0,0,0,0,0,0,0,0,0,0,0,0,0,0,0,0,0,0,0.00080617,0.00040048,0.0010101
0,0,0,0,0,0,0,0,0,0,0,0,0,0,0,0,0,0,0,0,0,0,0,0,0,0,0,0,0,0,0,0,0,0,0,0,0,0,0,0,0,0,0,0,0,0,0,0,0,0,0,0,0,0,0,0,0.00012626
0,0,0.021569,0,0.011,0,0,0.009901,0,0,0,0,0.01982,0.023,0,0,0.015406,0,0,0,0,0,0.020183,0,0.16563,0,0,0,0,0,0,0,0,0,0,0,0.015965,0,0,0,0,0,0,0,0,0,0,0,0.010718,0.016099,0,0,0.012994,0,0.0012265,0.0027032,0.032008
0,0,0,0,0,0,0,0,0,0,0,0,0,0,0,0,0,0,0,0,0,0,0,0,0,0,0,0,0,0,0.2608,0,0.035754,0,0,0,0,0,0.11701,0,0,0,0,0.2285,0,0,0,0,0,0,0,0,0,0.033133,0.0018529,0.0013016,0.013763
0,0.013305,0,0,0,0,0,0,0,0,0,0.019648,0,0,0,0,0,0,0,0,0,0,0,0,0.0091215,0,0,0,0,0,0,0,0.15732,0,0,0.049415,0.027576,0,0,0,0,0,0,0,0,0,0.087558,0.019,0,0.020611,0,0,0,0,0.0011049,0.00080096,0.012816
0.44053,0,0,0,0,0,0,0,0,0,0.76628,0.20683,0,0,0,0,0,0,0.10667,0,0.72007,0,0,0,0,0,0,0,0,0,0,0,0,0,0,0,0,0,0,0,0,0,0,0,0,0,0,0,0,0,0,0,0,0,0.0044376,0.0028034,0.0032828
0,0,0,0,0.033,0,0,0,0,0,0,0.034126,0,0,0,0.0165,0,0.036304,0.0176,0,0.029703,0,0,0,0.047528,0.019808,0,0.072607,0,0.056122,0,0,0,0,0.0165,0,0,0,0,0,0,0,0,0.0165,0,0,0,0,0,0.013331,0.010537,0,0,0,0.00092238,0.0018022,0.0078283
0,0,0.060784,0,0.031,0,0,0,0,0.069857,0,0,0,0,0,0,0,0,0.016533,0,0,0,0,0,0.13778,0.07623,0.057306,0.069307,0.044118,0.10714,0.0504,0.13235,0,0.13235,0.0315,0.081925,0.13788,0,0.085509,0.13235,0,0,0.26611,0,0.044351,0,0,0,0.022121,0.054758,0.059299,0,0.007996,0,0.0011167,0.0012014,0.016414
0,0,0,0,0,0,0,0,0,0,0,0,0.19459,0,0,0,0,0,0.11573,0,0,0,0,0,0,0,0,0,0,0,0,0,0,0,0,0,0.15675,0,0,0,0.45658,0,0,0,0,0.14785,0,0,0,0,0,0,0,0,0.0018756,0.00090108,0.0028409
0,0,0.1451,0,0,0,0,0,0,0,0,0.22958,0,0,0,0,0,0,0.078933,0,0,0,0,0,0,0.044418,0,0,0,0,0,0,0,0,0,0,0.1074,0,0,0,0,0,0,0,0,0,0,0.222,0,0,0,0,0,0,0.001448,0.0030036,0.0076389
0.072687,0.023109,0,0,0,0,0,0,0,0,0,0.034126,0,0,0,0,0,0.10891,0.0176,0,0.059406,0,0,0,0.23908,0,0,0,0,0,0,0,0,0,0,0,0.047896,0,0.059406,0,0,0,0,0,0,0,0,0,0.069783,0.020919,0,0.0094218,0,0,0.004108,0.0099119,0.027146
0,0,0,0,0,0,0,0,0,0,0,0,0,0,0,0,0,0,0.035733,0,0.12151,0,0,0,0.032165,0,0,0,0,0,0,0,0,0,0,0,0,0,0,0,0,0,0,0,0,0,0,0,0,0.0089212,0,0,0.014493,0.0043875,0.0029324,0.0023028,0.0068813
0,0,0,0,0,0,0,0,0,0,0,0.11479,0,0,0,0,0,0,0,0,0,0,0,0,0.053289,0.066627,0,0,0,0,0,0,0,0,0,0,0,0,0,0,0,0,0,0,0,0,0,0,0,0.018765,0,0,0,0,0.00072628,0.00030036,0.0022096
0,0,0,0,0.143,0,0,0,0,0,0,0,0,0,0,0,0,0,0.076267,0,0,0,0,0,0,0,0,0,0,0,0,0,0.039054,0,0,0,0,0,0,0,0,0.15056,0,0,0,0,0,0,0,0.014151,0,0,0,0,0.00078348,0.00040048,0.0025253
0,0,0.28627,0,0,0,0,0,0,0,0,0,0,0,0,0,0,0,0,0,0,0,0,0,0.16371,0.058223,0.014401,0.052805,0,0,0,0,0,0,0.024,0,0.069666,0,0,0,0,0,0.13445,0,0.045285,0,0,0,0.10741,0.056399,0,0.0024016,0,0,0.001409,0.0015018,0.010732
0,0,0,0,0,0,0,0,0,0.031353,0,0,0,0,0,0.0285,0,0,0.15307,0,0.36184,0,0,0,0,0,0,0,0,0,0,0,0,0,0,0,0,0,0,0,0,0,0,0,0.053221,0,0,0,0,0.086136,0,0,0,0.0038328,0.002345,0.0030036,0.0080808
0,0,0,0,0,0,0,0,0,0,0,0,0.4,0,0,0,0,0,0.2368,0,0,0,0,0,0,0,0.26643,0,0,0,0,0,0,0,0,0,0.32221,0,0,0,0,0,0,0,0.10364,0,0,0,0,0,0,0,0,0,0.00027236,0.00040048,0.0015783
0,0,0,0,0,0,0,0,0,0.077008,0,0,0,0,0.31746,0,0,0,0,0,0,0,0,0,0.067211,0.084034,0,0,0,0,0,0,0,0,0,0,0.20319,0,0,0,0,0,0.39216,0,0,0,0,0,0,0.021021,0.050233,0,0,0,0.0032074,0.0020024,0.0042298
0,0,0,0,0,0,0,0,0,0,0,0,0,0,0,0,0,0,0.1776,0,0.59946,0,0,0,0,0,0,0,0,0,0,0,0,0,0,0,0,0,0,0,0,0,0,0,0,0,0,0,0,0,0,0,0,0,0.00027236,0.00020024,0.00075758
0,0,0,0,0,0,0,0,0,0,0,0,0,0,0,0,0,0,0,0,0,0,0,0,0,0,0.49985,0,0,0,0,0,0,0,0,0,0,0,0,0,0,0,0,0,0,0,0,0,0,0,0,0,0,0,0.00060463,0.00020024,0.00025253
0,0,0,0,0,0.11054,0,0.058506,0,0.035754,0,0.20372,0,0,0,0,0,0,0,0,0,0,0,0,0,0,0.019502,0,0,0,0,0,0,0,0,0,0,0,0,0,0,0,0,0,0.030345,0,0,0,0.024629,0.011075,0,0,0.017991,0,0.00083886,0.00080096,0.0063763
0,0,0.070588,0,0.036,0,0,0,0,0,0,0.037229,0,0,0,0,0,0,0,0,0,0,0,0,0.30005,0.33073,0,0,0,0,0,0,0,0,0,0,0.21335,0,0,0,0,0,0,0,0,0,0,0,0.063626,0.078651,0.03406,0,0,0,0.0024712,0.0019023,0.016856
0,0,0,0,0,0,0,0.045005,0,0,0,0.10341,0.09009,0,0,0,0,0,0.08,0,0,0,0,0,0.048008,0.030012,0,0,0.035014,0.085034,0,0,0,0,0,0,0,0,0,0,0,0,0,0.025,0,0,0,0.25,0,0.0076907,0,0.0023093,0,0,0.00043849,0.0005006,0.0055556
0,0,0,0,0,0,0,0,0,0,0,0,0,0,0,0,0,0,0,0,0,0,0,0,0.73836,0.46158,0,0,0,0,0,0,0,0,0,0,0,0,0,0,0,0,0,0,0,0,0,0,0,0,0,0,0,0,0.0052655,0.0016019,0.0020833
0,0,0.26078,0,0,0,0,0,0.12548,0,0,0,0,0,0,0,0,0,0,0,0.11971,0,0,0,0.096015,0.079832,0.060006,0.072607,0.046218,0.11224,0.0528,0.13866,0,0.13866,0.033,0.085826,0,0,0.059406,0.13866,0,0,0.18487,0,0.030812,0,0,0,0.068415,0.020509,0.024504,0,0,0,0.00088879,0.0011013,0.0060606
0.022026,0.0035014,0.019608,0,0.031,0.017007,0,0,0,0.0027503,0,0.032058,0.009009,0,0,0.005,0.014006,0,0.0448,0.0027503,0.056706,0,0,0.004,0.070571,0.021609,0,0.0055006,0,0.035714,0.008,0,0,0,0.005,0.019506,0.030479,0,0.032403,0,0,0,0,0,0.0046685,0,0,0.015,0.0015964,0.017227,0,0.00117,0.010162,0.00035302,0.00063913,0.0024029,0.059217
0,0,0,0,0,0,0,0,0,0,0,0,0,0,0,0,0,0,0,0,0,0,0,0,0,0,0,0,0,0,0,0,0,0,0,0,0,0,0,0,0,0,0,0.116,0.10831,0,0,0,0,0.04194,0,0,0,0,0,0,0.00056818
0.052863,0,0.023529,0,0,0,0,0.032403,0,0.0066007,0,0.11272,0.021622,0,0,0,0.084034,0,0,0,0,0,0.022018,0.0096,0.17427,0,0,0,0,0,0,0,0,0,0,0.015605,0.017417,0,0,0,0,0,0,0,0,0,0,0,0.0036488,0.0051272,0,0,0.0026653,0,0.0011884,0.0024029,0.026768
0,0,0,0,0,0,0,0,0,0,0,0,0,0,0,0,0,0,0,0,0,0,0,0,0,0,0,0,0,0.70748,0,0,0.22882,0,0,0,0,0,0,0,0,0,0,0,0.19421,0,0,0,0,0.07219,0,0,0,0,0.00038856,0.00030036,0.00056818
0,0,0,0,0,0,0,0,0,0,0,0,0,0,0,0,0,0,0,0,0,0,0,0,0,0,0,0,0,0,0,0,0,0,0,0,0,0,0,0,0,0,0,0,0,0,0,0,0,0.056911,0,0,0,0,0.00058738,0.00030036,0.0017045
0,0,0,0,0.119,0,0,0,0,0,0,0.12306,0,0,0,0,0,0,0,0,0,0,0,0,0.17139,0.21429,0,0,0.25,0,0,0,0,0,0,0,0.17271,0,0,0,0,0.25,0,0,0.055556,0,0,0,0,0,0,0,0,0,0.00066546,0.0013016,0.0032197
0.0088106,0.0098039,0.056863,0,0.004,0.0068027,0,0.0081008,0,0.010451,0.034483,0.10651,0,0,0,0,0,0.026403,0.0048,0,0.0036004,0,0,0,0.0019203,0,0,0,0,0.02381,0,0,0,0,0,0.011704,0.034833,0,0,0,0,0,0.011204,0,0,0,0,0,0.004561,0.016099,0.0031855,0,0,0.00030259,0.0015025,0.018422,0.11275
0.011013,0,0.029412,0,0.01,0,0,0,0.098859,0,0,0.015512,0,0,0,0,0.014006,0,0.0112,0,0.0090009,0,0,0,0.022564,0.031212,0.0015002,0,0,0,0,0,0.0082508,0,0,0.006502,0.05225,0,0,0,0,0,0,0.005,0,0,0,0.005,0.0374,0.017535,0.016663,0,0.0021656,0,0.0023522,0.0034041,0.083838
0,0,0,0,0,0,0,0,0,0,0,0,0,0.384,0,0,0,0,0,0,0,0,0,0,0,0,0,0,0,0,0,0,0,0,0,0,0,0,0,0,0,0,0,0,0.17927,0,0,0,0,0.073728,0,0,0,0,0.00051838,0.00020024,0.00063131
0,1,0,0,0,0,0,0,0,0,0,0,0,0,0,0,0,0,0,0,0,0,0,0,0,0,0,0,0,0,0,0,0,0,0,0,0,0,0,0,0,0,0,0,0,0,0,0,0,0,0,0,0,0,0.00072628,0.00040048,0.00050505
0,0,0,0,0,0,0,0,0,0,0,0,0,0,0,0,0,0,0.28053,0,0,0,0,0,0,0,0,0,0,0,0,0,0,0,0,0,0,0,0,0,0,0,0,0,0.49113,0,0,0,0,0.081317,0,0,0,0,0.00022696,0.00010012,0.00025253
0,0,0,0,0,0,0,0,0,0,0,0,0,0,0,0,0,0,0,0,0,0,0,0,0,0,0,0,0,0,0,0,0,0,0,0,0,0,0,0,0,0,0,0,0,0,0,0,0,0,0,0,0,0,0.00090785,0.00040048,0.00044192
0,1,0,0,0,0,0,0,0,0,0,0,0,0,0,0,0,0,0,0,0,0,0,0,0,0,0,0,0,0,0,0,0,0,0,0,0,0,0,0,0,0,0,0,0,0,0,0,0,0,0,0,0,0,0.00072628,0.00040048,0.00050505
0,0,0,0,0,0,0,0,0,0,0,0,0,0,0,0,0,0,0,0,0.087309,0,0,0,0.046567,0.058223,0.029103,0.21342,0,0.16497,0,0,0,0,0.0485,0,0,0,0,0,0,0,0,0,0,0,0,0,0,0.026764,0,0,0,0,0.00093509,0.0010012,0.0041667
0,0,0,0,0,0,0.24484,0,0,0,0,0.18407,0,0,0,0,0,0,0.1904,0,0,0,0,0,0,0,0,0,0,0.30272,0,0,0,0,0,0.23147,0,0,0,0,0,0,0,0,0,0,0,0,0,0,0,0.018043,0,0,0.00027871,0.00030036,0.0010101
0,0,0,0,0,0,0,0,0,0,0,0.033092,0,0,0,0,0,0,0.051733,0,0.087309,0,0,0,0.06193,0.038415,0.058206,0.070407,0.044818,0.10884,0.0512,0.13445,0,0.13445,0.032,0.083225,0.14078,0,0.057606,0.13445,0.31653,0,0.17927,0,0.014939,0.087982,0,0,0.011631,0.026148,0.024994,0,0,0,0.0010867,0.0014017,0.0097854
0,0,0,0,0,0,0,0,0,0,0,0.094105,0,0,0,0,0,0.024202,0,0,0,0,0,0,0.010562,0.013205,0,0.049505,0,0,0,0,0,0,0.011,0,0,0,0,0,0,0,0,0.011,0,0,0,0.022,0,0.015792,0,0,0,0,0.00069723,0.0014017,0.0076389
0,0,0,0,0,0,0,0,0,0,0,0,0,0,0,0,0,0,0,0,0,0,0,0,0,0,0,0,0,0,0,0,0,0,0,0,0,0,0,0.87395,0,0,0,0,0,0,0,0,0,0,0,0,0,0.03036,0.0033591,0.0022026,0.002904
0.011013,0,0.060784,0,0,0.0085034,0,0.0045004,0.089354,0,0,0.015512,0,0,0,0,0.036415,0.0055006,0.0112,0,0.013501,0,0,0,0.037926,0.05102,0.0015002,0,0,0,0,0,0.025853,0,0,0,0.12337,0,0,0,0,0,0,0,0,0,0,0,0.025542,0.020714,0.016418,0,0.0023322,0,0.0019219,0.0051061,0.082197
0,0,0,0,0,0,0,0,0,0,0,0,0,0,0,0,0,0,0,0,0,0,0,0,0,0,0,0,0,0,0,0,0,0,0,0,0,0,0,0,0,0,0,0,0,0,0,0,0,0,0,0,0,0,0,0,0.00012626
0,0,0,0,0,0,0,0.12241,0,0,0,0,0,0,0,0,0,0,0,0,0,0,0,0,0.13106,0.16387,0.040804,0,0,0,0,0,0,0,0.068,0,0,0,0,0,0,0,0,0,0,0,0,0,0,0,0,0,0,0,0.00049115,0.00060072,0.0022727
0,0,0.015686,0,0,0.027211,0,0.0072007,0.015209,0,0.030651,0.09514,0.014414,0.008,0,0,0.022409,0,0,0,0,0,0,0,0.16947,0,0,0,0,0,0,0,0.013751,0,0,0,0.011611,0,0,0,0,0,0,0.008,0,0,0,0,0.015735,0.010562,0,0,0.0018324,0,0.0013073,0.001702,0.037689
0,0,0,0,0,0,0,0,0,0,0,0,0,0,0,0,0,0,0,0,0,0,0,0,0.083053,0.051621,0.10411,0.094609,0.060224,0.14626,0.0688,0.18067,0,0.18067,0.043,0.11183,0.25109,0,0.15572,0.18067,0,0,0.48459,0,0.080766,0,0,0,0,0.029635,0,0,0,0,0.00088788,0.0011013,0.0056818
0,0,0,0,0,0,0,0,0,0,0,0,0,0,0,0,0,0,0,0,0,0,0,0,0,0,0.12481,0,0,0,0,0,0,0,0,0,0,0,0,0,0,0,0,0,0,0,0,0,0,0,0,0,0,0,0,0,0.00037879
0,0,0,0,0,0,0,0,0,0,0,0,0,0,0,0,0,0,0.022933,0,0.077408,0,0,0,0.28949,0.20648,0.025803,0.047305,0.030112,0.073129,0.0344,0.090336,0,0.090336,0.0215,0.055917,0.12482,0,0.038704,0.090336,0,0,0.12045,0,0.020075,0,0,0,0,0.013331,0.015927,0.0020014,0,0.0526,0.0018003,0.0039047,0.011237
0,0,0,0,0,0,0,0,0,0,0,0,0,0,0,0,0,0,0,0,0,0,0,0,0,0,0.081008,0,0,0,0,0,0,0,0,0,0,0,0,0,0,0,0,0,0,0,0,0,0,0.044196,0,0,0,0,0.0015733,0.00060072,0.0025253
0,0,0,0,0,0,0,0,0,0,0,0.093071,0,0,0,0,0,0.09901,0.048,0,0,0,0,0,0.043207,0.054022,0,0,0.063025,0,0.072,0,0.049505,0,0,0.11704,0,0,0,0,0,0.063025,0,0,0,0,0,0,0,0.048298,0,0,0,0,0.00038493,0.00070084,0.002904
0,0,0,0,0,0,0,0,0,0,0,0.37539,0,0,0,0,0,0,0,0,0,0,0,0,0.043207,0.21789,0,0,0,0,0,0,0,0,0,0,0.2627,0,0,0,0,0,0,0,0,0,0,0,0,0,0,0.0047109,0,0,0.00084703,0.00060072,0.0035985
0.024229,0.0077031,0.066667,0,0.011,0,0,0,0.19392,0,0,0.046536,0,0,0,0.0055,0,0,0.024,0,0.019802,0,0,0,0.026884,0.040816,0.0033003,0,0,0,0,0,0.018702,0,0,0,0.03193,0,0,0.023109,0,0.0077031,0,0,0,0,0,0,0.023489,0.01815,0.0071061,0,0.0048309,0,0.0029923,0.0080096,0.041162
0,0,0.11373,0,0.116,0,0,0,0,0,0,0,0,0,0,0,0.081232,0,0.12427,0,0,0,0,0,0.11186,0,0.017402,0,0,0,0,0,0.031903,0,0,0,0,0,0,0,0,0,0,0.029,0.027077,0,0,0,0,0.020816,0,0.012532,0.067799,0,0.0020826,0.0016019,0.0070076
0,0,0,0,0,0,0,0,0,0,0,0.24612,0,0,0,0,0,0,0.12693,0,0,0,0,0,0,0,0.071407,0,0,0,0,0,0,0,0,0,0,0,0,0,0,0,0,0,0.11111,0,0,0,0,0,0,0,0,0,0.00060463,0.00080096,0.0015152
0,0,0,0,0,0,0,0,0,0,0,0,0,0,0,0,0,0,0,0,0,0,0,0,0,0,0,0,0,0,0,0,0.29318,0,0,0.027308,0,0,0,0,0,0,0,0,0,0,0,0,0.0068415,0.0061526,0,0,0,0,0.0013445,0.007509,0.012626
0,0,0,0,0,0,0,0,0,0,0,0,0,0,0,0,0,0,0,0,0,0,0,0,0.020163,0.02521,0.025503,0,0,0,0,0.44958,0,0.44958,0,0,0,0,0,0,0,0,0,0,0.039683,0,0,0,0.075713,0.074856,0,0,0,0,0.0036314,0.0013016,0.016982
0,0,0,0,0,0.05102,0,0,0,0,0.11494,0.25026,0,0,0,0.015,0,0.09901,0.1936,0,0.054005,0,0,0,0,0,0,0,0,0,0,0,0,0,0,0,0,0,0,0,0,0,0,0,0,0,0,0,0,0,0,0.0026787,0,0,0.0015797,0.0063076,0.0092803
0,0,0,0,0,0,0,0,0,0,0,0,0,0,0,0,0,0,0,0,0,0,0,0,0,0,0,0,0.22549,0,0,0,0,0,0,0,0,0,0,0,0,0,0,0,0.15033,0,0,0,0,0,0,0,0,0,0.00019428,0.00030036,0.0010101
0,0,0,0,0,0,0,0,0,0,0,0,0,0,0,0,0,0,0,0,0,0,0,0,0,0,0,0,0,0,0,0,0,0,0,0,0,0,0,0,0,0,0,0,0,0,0,0,0,0,0,0,0,0,0.00045393,0.00020024,0.00031566
0,0,0,0,0,0,0,0,0,0,0,0,0,0,0,0,0,0,0,0,0,0,0,0,0,0,0.60006,0,0,0,0,0,0,0,0,0,0,0,0,0,0,0,0,0,0,0,0,0,0,0,0,0,0,0,0,0,0.00025253
0,0,0,0,0,0,0,0,0,0,0,0,0,0,0,0,0,0,0,0,0,0,0,0,0,0,0.60006,0,0,0,0,0,0,0,0,0,0,0,0,0,0,0,0,0,0,0,0,0,0,0,0,0,0,0,0,0,0.00025253
0,0,0,0,0.053,0,0,0,0,0,0,0.054809,0.095495,0,0,0,0,0,0.028267,0,0.09541,0,0,0,0,0,0.031803,0,0,0,0,0,0,0,0,0,0,0,0,0,0,0,0,0,0.024743,0,0,0,0,0.019278,0,0,0,0,0.00012892,0.00020024,0.0024621
0,0,0,0,0,0,0,0,0,0,0,0.014478,0,0,0,0,0,0,0,0,0.012601,0,0,0,0.24772,0,0,0,0.0098039,0.07483,0,0,0.0077008,0,0,0,0.21335,0,0.053105,0,0,0,0,0,0.013539,0,0,0,0.042417,0.055168,0.030385,0,0,0,0.0031357,0.0054065,0.058712
0,0,0,0,0,0,0,0,0,0,0,0,0,0,0,0,0,0,0.59253,0,0,0,0,0,0,0,0,0,0,0,0,0,0,0,0,0,0,0,0,0,0,0,0,0,0,0,0,0,0,0,0,0,0,0,0.00022696,0.00010012,0.00025253
0,0,0,0,0.068,0,0,0,0,0,0,0,0,0,0,0,0,0,0,0,0,0,0,0,0,0.020408,0,0,0,0,0,0,0.075358,0,0,0,0,0,0,0,0,0,0,0,0.015873,0,0,0,0,0.014664,0,0,0,0,0.00071176,0.001702,0.0088384
0,0,0,0,0,0,0,0,0,0,0,0,0.15495,0.086,0,0,0,0,0,0,0,0,0,0,0.16515,0.15486,0.051605,0.094609,0.060224,0.14626,0.0688,0.18067,0,0.18067,0.043,0.11183,0.24964,0,0.15482,0.18067,0,0,0.48179,0,0.080299,0,0,0,0,0.027687,0.03308,0.0041567,0,0,0.0011693,0.0012014,0.0064394
0,0,0,0,0,0,0,0,0,0,0,0,0,0,0,0,0,0,0,0,0,0,0,0,0,0,0.30003,0,0,0,0,0,0,0,0,0,0,0,0,0,0,0,0,0,0,0,0,0,0,0,0,0,0,0,0.0013618,0.00080096,0.00088384
0,0,0,0,0,0,0,0.058506,0,0.071507,0,0,0,0,0,0,0,0.035204,0.017067,0,0.058506,0,0,0,0.23524,0.2545,0.009601,0,0,0.11054,0,0,0,0,0,0,0.23657,0,0,0,0.13725,0,0,0,0.030345,0,0,0,0.034892,0.057629,0.024994,0,0,0,0.0041353,0.0041049,0.031503
0,0,0,0,0,0,0,0,0,0,0,0,0,0.263,0,0,0,0,0,0,0,0,0,0,0,0,0,0,0,0,0,0,0,0,0,0,0,0,0,0,0,0,0,0,0,0,0,0,0,0,0,0,0,0,0.00072628,0.00060072,0.0010732
0,0,0,0,0,0,0,0,0,0,0,0,0,0,0,0,0,0,0.0704,0,0,0,0,0,0.095055,0.2383,0,0,0,0.11224,0,0,0,0,0,0.085826,0,0,0,0,0,0,0,0,0,0,0,0,0,0,0,0.0031406,0,0,0.0013899,0.0029035,0.0050505
0.15639,0,0,0,0,0,0,0,0,0,0,0,0,0,0,0,0,0,0.076267,0,0.063906,0,0,0,0,0,0,0,0,0,0,0,0,0,0,0,0,0,0,0,0,0,0,0,0,0,0,0,0,0,0,0,0,0,0.0018529,0.002503,0.0045455
0,0.017507,0,0,0,0.042517,0,0.045005,0,0,0,0.10445,0,0,0.056689,0,0,0.027503,0.013333,0,0,0,0,0,0.024004,0.015006,0,0,0,0.042517,0,0,0.013751,0,0,0.03251,0,0,0,0,0,0.017507,0,0,0,0.011338,0,0,0,0.0074856,0,0,0,0,0.00049478,0.00060072,0.0085227
0,0,0,0,0,0,0,0,0,0,0,0,0,0,0,0,0,0,0.042667,0,0,0,0,0.064,0,0,0.024002,0,0,0,0,0,0,0,0,0,0,0,0,0,0,0,0,0.04,0.037348,0,0,0,0,0,0,0,0.044145,0,0.00031502,0.00020024,0.0018939
0,0,0.019608,0,0,0,0,0.0090009,0,0,0.076628,0.042399,0.018018,0,0,0.005,0.014006,0,0.0053333,0,0,0,0.018349,0,0.14498,0,0,0,0,0,0,0,0,0,0,0.06762,0.044993,0,0,0.021008,0,0,0,0,0,0,0,0.01,0.016876,0.013741,0,0,0.0098284,0,0.0013881,0.002503,0.037626
0,0,0.22745,0,0.116,0,0,0,0,0,0,0.11996,0,0,0,0,0,0,0,0,0,0,0,0,0,0,0,0,0,0,0,0,0,0,0,0,0,0,0,0,0,0.081232,0,0,0,0,0,0.116,0,0.037736,0,0.0056654,0,0,0.0016641,0.0010012,0.0031566
0,0,0,0,0,0.068027,0,0,0.076046,0.022002,0,0,0,0,0.090703,0,0,0,0.065067,0.067107,0.036004,0,0,0,0,0.02401,0.012001,0,0,0.068027,0,0,0,0,0,0,0,0,0,0,0,0,0,0.0405,0,0.018141,0,0,0,0.0066653,0,0,0,0,0.0007626,0.00070084,0.0050505
0,0,0.11569,0,0.059,0,0,0,0,0,0,0.061013,0,0,0,0,0,0,0.031467,0,0.053105,0,0,0,0,0,0.017702,0,0,0,0,0,0,0,0,0,0,0,0,0,0,0,0,0,0.027544,0,0,0,0,0.010767,0,0,0,0,0.00074989,0.00070084,0.0025884
0,0,0,0,0,0,0,0,0,0,0,0.33816,0,0,0,0,0,0,0,0,0,0,0,0,0,0.048619,0,0,0,0,0,0,0,0,0,0,0,0,0,0,0,0,0,0,0,0,0.37327,0,0.052908,0.011895,0,0,0,0,0.00088606,0.00080096,0.0051768
0.62775,0,0,0,0,0,0,0,0,0,0,0,0,0,0,0,0.39916,0,0,0,0,0,0,0,0,0,0.085509,0,0,0,0,0,0,0,0,0,0,0,0,0,0,0.19958,0,0,0,0,0,0,0,0.047683,0,0,0,0,0.00022696,0.00020024,0.00056818
0,0,0,0,0,0,0,0,0,0,0,0.14271,0,0,0,0,0,0,0.14773,0,0,0,0,0,0,0,0.041404,0,0,0,0,0,0,0,0,0,0,0,0,0,0,0,0,0,0,0,0,0,0,0.02338,0,0,0,0,0,0,0.00069444
0.0088106,0.0056022,0.029412,0,0.004,0.0068027,0,0.0036004,0.0076046,0.0044004,0,0.042399,0.010811,0,0,0,0.0084034,0.016502,0.032,0,0.030603,0,0.0036697,0,0,0,0,0,0.0014006,0,0,0,0.091859,0,0,0.024707,0.11901,0.002401,0.0036004,0,0.0028011,0.0014006,0.022409,0.001,0,0.011791,0.018433,0.054,0.0011403,0.021842,0.00049008,0.00095449,0.0064968,0.00040345,0.0011312,0.0053064,0.18952
0,0,0,0,0,0,0,0,0,0,0,0,0,0,0,0,0,0,0,0,0,0,0,0,0,0,0,0,0,0,0,0,0,0,0,0,0,0,0,0,0,0,0,0,0,0,0,0,0,0,0,0,0,0,0.0001507,0.00010012,0.00037879
0,0,0,0,0.196,0,0,0,0,0,0,0,0,0,0,0,0,0,0,0,0,0,0,0,0,0,0,0,0,0,0,0,0,0,0,0,0,0,0,0,0,0,0,0.098,0,0,0,0,0,0.068294,0,0,0,0,0.0010086,0.00060072,0.0011364
0,0,0,0,0,0,0,0,0,0,0,0,0,0,0,0,0,0,0,0,0,0,0,0,0,0,0,0,0,0,0,0,0,0,0,0,0,0,0,0,0,0,0,0,0,0,0,0,0,0,0,0,0,0,0.0040853,0.00080096,0.00063131
0,0,0,0,0,0,0,0,0,0,0,0,0,0,0,0,0,0,0.17173,0,0.19352,0,0,0,0,0,0,0,0,0,0,0,0,0,0,0,0,0,0,0,0.30112,0,0,0,0,0.048526,0,0,0,0.020201,0,0,0,0,0.0011938,0.00060072,0.0027146
0,0,0,0,0,0,0,0,0,0,0,0,0,0,0,0,0,0,0.11307,0,0,0,0,0,0,0,0,0,0,0,0,0,0,0,0,0,0,0,0,0,0,0.14846,0,0,0,0.096145,0,0,0,0.035275,0,0,0,0,0.00036314,0.00040048,0.00082071
0,0,0,0,0,0,0,0,0,0.046205,0,0.086867,0,0,0,0,0,0,0.13547,0,0.15212,0,0,0,0,0,0,0,0,0,0,0,0,0,0,0,0,0,0,0,0,0,0,0,0,0.076644,0,0,0,0.013741,0,0,0,0,0.00025874,0.00040048,0.0016414
0,0,0,0,0,0,0,0,0,0,0,0,0.2036,0,0,0,0,0,0.060267,0,0,0,0,0,0,0,0,0,0,0,0,0,0,0,0,0,0,0,0,0,0,0,0,0,0.052754,0,0,0,0.14458,0,0.051703,0,0.035149,0,0.00031502,0.00030036,0.0018939
0,0,0,0,0,0,0,0,0,0,0,0,0.11171,0,0,0,0,0,0.2,0,0.055806,0,0,0,0,0,0,0,0,0,0,0,0,0,0,0,0,0,0,0,0,0,0,0,0.058357,0.084807,0,0,0,0,0,0,0,0,0.001547,0.0046055,0.0074495
0,0,0.15882,0,0.027,0,0,0,0,0.014851,0,0.027921,0.048649,0,0,0,0,0,0.1152,0,0.048605,0,0,0,0,0,0,0,0,0,0,0,0,0,0,0,0,0,0,0,0,0,0,0,0.02521,0.012245,0,0,0.010262,0.0093314,0,0.0013856,0,0,0.00097867,0.0046055,0.0066288
0,0,0,0,0,0,0,0,0,0,0,0,0.26486,0,0,0,0,0,0.1568,0,0.26463,0,0,0,0,0,0,0,0,0,0,0,0,0,0,0,0,0,0,0,0,0,0,0,0,0.066667,0,0,0,0,0,0,0,0,0.0030068,0.0046055,0.0042929
0,0,0.11765,0,0,0,0,0,0,0,0,0,0,0,0,0.03,0,0,0.096,0,0.10801,0,0,0,0,0,0,0,0,0,0,0,0,0,0,0,0,0,0,0,0,0,0,0,0,0,0,0,0,0,0,0.025155,0,0,0.00077803,0.0014017,0.002399
0.15419,0,0.13725,0,0,0,0,0,0,0,0,0,0,0,0,0,0,0,0.15093,0,0,0,0,0,0,0,0,0,0,0,0,0,0,0,0,0,0,0,0,0,0,0,0,0,0.065826,0.063946,0,0,0,0,0,0.003233,0,0,0.0012183,0.0046055,0.0055556
0,0,0,0,0,0,0,0,0,0.052805,0,0,0.17297,0,0,0,0,0,0.1024,0,0,0,0,0,0,0,0,0,0,0,0,0,0,0,0,0,0,0,0,0,0,0.067227,0,0,0.13445,0,0,0,0,0.033532,0,0.010068,0.054473,0,0.00043759,0.00030036,0.0026515
0,0,0.22941,0,0.117,0,0,0,0,0,0,0.36401,0,0,0,0,0,0,0.0624,0,0,0,0,0,0,0,0,0,0,0,0,0,0,0,0,0,0,0,0,0,0,0.16457,0,0,0.10971,0,0,0,0,0.019688,0,0.035593,0.031984,0,0.0006355,0.0005006,0.0020833
0.068282,0,0.060784,0,0,0,0,0,0,0,0,0.032058,0.055856,0,0,0,0,0,0.15147,0,0.084608,0,0,0,0,0,0,0,0,0,0,0,0,0,0,0,0,0,0,0,0,0,0,0,0,0,0,0,0,0.00605,0,0.02183,0,0,0.00010803,0.00030036,0.002904
0,0,0.1,0,0,0.086735,0,0,0,0,0,0,0.091892,0,0,0.0255,0,0,0.054933,0,0,0,0,0,0,0,0,0,0,0,0,0,0,0,0,0,0,0,0,0,0,0,0,0,0,0,0,0,0,0,0,0.0026787,0,0,0.00019791,0.0005006,0.002399
0,0.18908,0,0,0,0,0,0,0,0.14851,0,0,0,0,0,0,0,0,0.432,0,0,0,0,0,0,0,0,0,0,0,0,0,0,0,0,0,0,0,0,0,0,0,0,0,0.12605,0,0,0,0,0,0,0,0,0,0.0013963,0.0020024,0.0020202
0.12775,0,0,0,0.058,0,0,0,0,0,0,0,0,0,0,0,0,0,0.15467,0,0,0,0,0,0,0,0,0,0,0,0,0,0,0,0,0,0,0,0.052205,0,0,0.040616,0,0,0.027077,0.052608,0,0,0,0.01692,0,0.0025248,0,0.070755,0.0015197,0.0016019,0.007197
0,0,0,0,0,0,0,0,0,0,0,0,0,0.175,0,0,0,0,0.093333,0,0,0,0,0,0,0,0,0,0,0,0,0,0,0,0,0,0,0,0,0,0,0,0,0,0,0,0,0,0,0,0,0.0076975,0,0,0.00025874,0.00020024,0.0010732
0,0.030812,0,0,0.044,0,0,0,0,0.024202,0,0.045502,0,0,0,0,0,0,0.023467,0,0,0.5152,0,0,0,0,0,0,0,0,0,0,0,0,0,0,0,0,0,0,0,0,0,0,0,0,0,0,0.9959,0,0,0.0022785,0,0.029855,0.0057086,0.004205,0.020644
0,0.028711,0,0,0,0,0,0,0,0.022552,0,0.042399,0,0,0,0,0,0,0.021867,0,0,0.4848,0,0,0,0,0,0,0,0,0,0,0,0,0,0,0,0,0,0,0,0,0,0,0,0,0,0,0.93409,0,0,0.0021553,0,0.039135,0.0059292,0.004205,0.022285
0,0,0,0,0.344,0,0,0,0,0,0,0,0,0,0,0,0,0,0,0,0,0,0,0,0,0,0,0,0,0,0,0,0,0,0,0,0,0,0,0,0,0,0,0,0,0,0,0,0,0,0,0,0,0,0.00027871,0.00040048,0.0010101
0.88106,0,0.19608,0,0.1,0,0,0,0,0,0,0.10341,0,0,0,0,0,0,0,0,0,0,0,0,0,0,0,0,0,0,0,0,0,0,0,0,0,0,0,0,0,0,0,0,0,0,0,0,0,0.017227,0,0.0051727,0,0,0.0004167,0.00090108,0.003346
0,0,0.072549,0,0.113,0,0,0,0,0.041254,0,0.11686,0,0,0,0,0,0,0.14133,0,0,0,0,0,0,0,0,0,0,0,0,0,0,0,0,0,0,0,0,0,0,0,0,0.0185,0,0,0,0,0,0,0,0,0,0,0.00023967,0.00030036,0.0026515
0,0,0,0,0,0,0,0,0,0,0,0.071355,0,0,0,0.0345,0,0,0.1488,0,0.062106,0,0,0,0.10034,0,0,0,0,0.23639,0,0,0,0,0,0,0,0,0,0,0,0,0,0,0.032213,0.063039,0,0,0,0.022662,0,0,0,0,0.0010749,0.0011013,0.0051768
0.21366,0,0,0,0.048,0,0,0,0,0,0,0,0,0,0,0.024,0,0,0.12907,0,0,0,0,0,0,0,0,0,0,0,0,0,0,0,0,0,0,0,0,0,0,0.033613,0,0,0.022409,0.043991,0,0,0,0.015381,0,0,0,0.0037823,0.0021489,0.0020024,0.010354
0,0.07563,0,0,0,0,0,0,0,0,0,0.11169,0,0,0,0,0,0,0,0,0,0,0,0,0,0,0,0,0,0,0,0,0,0,0,0,0,0,0,0,0,0,0,0,0,0,0,0,0,0.01856,0,0,0,0,0.00055561,0.0010012,0.0030934
0,0,0,0,0,0,0,0,0,0,0,0,0,0,0,0,0,0,0,0,0,0,0,0,0,0,0,0,0,0,0,0,0,0,0,0,0,0,0,0,0,0,0,0,0.031746,0,0,0,0,0.011485,0,0,0.15042,0,0.0011666,0.0013016,0.0049874
0,0,0.40392,0,0,0,0,0,0,0,0,0.10651,0,0,0,0,0,0,0.21973,0,0.092709,0,0,0,0,0,0,0,0,0,0,0,0,0,0,0,0,0,0,0,0,0,0,0,0,0.046712,0,0,0,0,0,0,0,0,0,0,0.00094697
0,0,0.086275,0,0,0.07483,0,0,0,0,0,0,0.079279,0,0,0,0,0,0.1424,0,0.080108,0,0,0,0.042727,0,0,0,0,0,0,0,0,0,0,0.057217,0,0,0,0,0.061625,0,0,0,0.020542,0,0,0,0,0.0075882,0,0.0045877,0,0,0.0001044,0.00010012,0.0017677
0,0,0.12549,0,0,0,0,0,0,0,0,0,0,0,0,0,0,0,0.17173,0,0,0,0,0,0.030725,0,0,0,0,0,0,0,0,0,0,0,0.092888,0,0.057606,0,0,0,0,0,0.060224,0.11701,0,0,0,0.035685,0,0.035716,0,0,0.0019256,0.0014017,0.0064394
0,0.013305,0,0,0,0,0,0,0,0,0,0,0,0,0,0,0,0.042904,0.052267,0.010451,0.088209,0,0,0,0.0091215,0,0,0,0,0.032313,0,0,0,0,0,0,0.056604,0,0,0,0,0,0,0,0.0088702,0.69615,0,0,0.019612,0,0,0.00086212,0,0,0.002158,0.0014017,0.033838
0,0,0,0,0,0,0,0,0,0,0,0.034126,0,0,0,0,0,0,0.2288,0,0.23762,0,0,0,0,0,0,0,0,0,0,0,0,0,0,0,0,0,0,0,0,0,0,0,0.030812,0,0,0,0,0.0059475,0,0,0,0,0.0001389,0.00020024,0.00088384
0,0,0,0,0,0,0,0,0,0,0,0,0,0,0,0,0,0,0,0,0,0,0,0,0,0,0,0,0,0,0,0,0,0,0,0,0,0,0,0,0,0,0,0,0,0.30204,0,0,0,0.034249,0,0,0,0,0.002118,0.001702,0.0037247
0,0,0,0,0,0,0,0,0,0,0,0,0,0,0,0,0,0.09791,0.047467,0,0,0,0,0,0,0,0,0,0,0,0,0,0,0,0,0,0,0,0,0,0,0,0,0,0,0.040363,0,0,0,0,0,0,0,0,0.00024149,0.00020024,0.0011364
0.068282,0,0.12157,0,0,0.052721,0,0,0,0,0,0.19442,0,0,0,0,0,0,0.033067,0,0,0,0,0,0,0,0,0,0,0,0,0,0,0,0,0,0,0,0,0,0,0,0,0.0155,0.014472,0.014059,0,0,0,0.02379,0,0,0,0,0.00012892,0.00020024,0.0054924
